%YAML:1.0
---
K: !!opencv-matrix
   rows: 3
   cols: 3
   dt: d
   data: [ 9.7060132291710897e+02, 0., 5.4125950744785268e+02, 0.,
       9.6888638533223263e+02, 3.4270053285450285e+02, 0., 0., 1. ]
D: !!opencv-matrix
   rows: 1
   cols: 5
   dt: d
   data: [ -2.2331642515591618e-01, 2.2679341883402167e+00,
       8.0311553500261401e-04, -6.8277734750287465e-04,
       -6.0269188413813328e+00 ]
